0
0
0
0.150000
100
781459437.458666 2482137.224365 11941.018880 3786.803290 65913395.218638 34015556.149088 2626.770959 1665.092600 103317301.494847 67189014.518147 3308.316041 1764.421586 198044301.517050 27954501.338398 4040.335594 2150.665940 218823252.403320 92198893.983471 3367.995613 1596.039086 
34438.314143 0.006469 33.731506 9.668150 14432.452087 1.939836 18.311668 10.395343 29077.039995 0.943419 29.691793 12.611886 34020.407596 1.911951 36.181836 19.497971 33404.119881 2.186804 26.725776 13.568300 
4
20 4 4 1 
0.417577 -0.115485 0.126462 0.765588 
0.434303 0.801975 0.063121 0.401653 
0.206966 -0.197229 0.070433 0.126856 
-0.110779 -0.454965 0.646309 -1.063085 
0.331760 -1.255278 0.012815 3.367928 
0.173966 0.473048 0.647121 0.748687 
0.388693 -0.481016 0.345595 -0.433123 
0.600953 -0.013027 0.095202 0.439910 
-0.146252 -1.697567 -0.001146 4.759510 
0.473425 -0.043253 0.925067 0.671761 
0.464893 0.451644 0.430820 0.887083 
0.080128 -0.341625 0.952591 0.813572 
0.113227 -2.194956 0.202807 3.753212 
0.754112 0.258575 -0.051020 -0.314959 
0.001853 -2.864591 0.544678 5.470001 
-0.385408 -2.934962 0.218900 5.715433 
-0.426115 -2.224095 0.015645 4.927808 
-0.093770 -0.314827 0.008741 1.635023 
1.701264 1.193290 1.589321 -3.705409 
1.025979 1.716525 0.725388 -3.784235 
-0.102433 -0.485188 -0.199959 2.515801 
-1.320260 -0.725335 -0.713323 7.126382 
0.072742 0.074467 0.047772 1.923956 
2.138991 2.483625 1.937344 -10.769584 
2.726996 
3.093302 
2.496817 
-11.052291 
0.000000 
0.000000
