0
0
0
0.150000
100
781459437.458666 231487.421188 11941.018880 3266.026506 88011418.886363 34015556.149088 3466.292456 1482.079842 109581044.783685 67189014.518147 3308.316041 1665.917141 185456733.859659 50322429.381897 4040.335594 1903.774358 216093761.305138 92198893.983471 2975.401664 1445.767590 
62591.001919 0.005772 28.328898 9.668150 15163.534193 1.939836 24.492579 12.246290 13296.728672 2.096674 24.264512 12.611886 34020.407596 1.388827 36.181836 19.365680 35997.626793 2.966851 26.805770 13.381701 
4
20 4 4 1 
0.460001 0.412468 0.114428 -0.370573 
-0.839965 -0.116547 0.325174 1.692122 
-0.579067 -0.021121 0.142090 -0.172441 
-0.464669 -0.181739 0.611877 0.036719 
1.786559 1.175456 0.329047 -1.588964 
0.592858 0.582975 0.454227 0.377179 
0.321109 0.397988 0.687065 0.400930 
0.246364 0.531469 0.649437 0.039236 
3.080773 2.438750 0.113233 -2.500494 
0.372566 0.497094 0.723722 -0.150353 
0.889355 0.720583 0.301409 -0.055357 
0.418224 0.493787 1.072202 0.097992 
3.141814 2.445421 0.694056 -3.309991 
0.480873 0.257390 0.422018 0.812383 
3.603561 3.059416 0.664884 -4.206444 
3.731228 2.467305 0.676531 -5.060426 
3.303321 2.237545 0.293662 -3.587005 
1.883689 1.293626 0.843733 -0.530665 
-2.298282 -1.405591 0.506585 3.231143 
-2.748620 -2.290343 0.900872 2.361348 
1.405952 -6.634955 1.227881 1.595552 
0.946483 -4.309659 1.203256 1.336142 
0.287086 1.317976 0.077283 0.055247 
-1.082501 10.669726 -1.162276 -1.345886 
2.766408 
-10.856454 
2.656940 
3.205051 
0.000000 
0.000000
