0
0
0
0.500000
500
781459437.458666 231487.421188 11941.018880 3786.803290 88011418.886363 34015556.149088 3466.292456 1482.079842 109581044.783685 67189014.518147 2951.428901 1764.421586 198044301.517050 6062968.976635 3500.929132 2150.665940 218823252.403320 28048948167.266201 3367.995613 1596.039086 
62591.001919 0.006469 31.903131 9.668150 14432.452087 2.019751 18.311668 10.395343 38932.678951 0.943419 33.535912 14.912360 34020.407596 1.911951 36.181836 19.365680 33404.119881 3.505366 26.725776 13.402885 
4
20 5 5 1 
-0.327047 -0.455242 -3.344983 -0.525624 3.668547 
1.833365 -1.155083 -6.347443 -0.541423 0.403884 
-3.399232 -2.037029 1.417837 -2.258147 0.428161 
-4.061220 -5.580616 -0.514500 -3.859559 -1.939640 
1.886457 0.448533 0.887264 0.834796 -3.192644 
1.097466 -0.662491 -1.928629 0.207363 -0.082108 
-2.165679 -1.420609 -1.415415 -3.042370 -1.022085 
-2.383539 -4.778671 -2.947146 -3.987468 -2.938511 
8.845624 -1.189503 15.682209 2.441299 -22.960538 
2.069679 0.425523 2.758686 1.173750 -2.889930 
-2.003786 -2.358419 -3.332623 -2.281479 -1.314581 
-0.279642 -2.647780 -3.554535 -1.327248 -3.195849 
10.543959 -0.941054 15.177829 2.898630 -26.536314 
4.896120 -1.250337 -3.166757 0.763288 0.859683 
3.876325 -0.094486 -6.479293 0.978950 -3.818747 
5.676475 -0.492729 -4.757770 1.279349 -7.985513 
2.155303 1.561291 4.383178 0.628176 -5.482664 
1.486773 0.565592 1.821747 0.270075 -1.065068 
4.138248 0.811053 -19.792820 0.757610 3.392416 
3.728486 1.482925 -18.008736 0.401369 2.373690 
-8.305345 -6.057960 -5.956249 6.278589 2.016161 
-1.535596 -1.675060 -1.316260 -4.501464 -4.759720 
-8.569586 -4.472363 -3.892150 7.277561 20.905902 
-2.308213 -2.624583 -2.059107 0.980562 -1.526704 
16.440362 8.655679 6.662671 -16.065393 -18.105897 
-3.932174 
-4.799848 
-4.551111 
7.270905 
10.810836 
0.000000 
0.000000
