3
1
0.001000
500
3
3
22 4 2 
0.000000 0.000000 0.000000 0.000000 
0.000000 0.000000 0.000000 0.000000 
0.000000 0.000000 0.000000 0.000000 
0.000000 0.000000 0.000000 0.000000 
0.000000 0.000000 0.000000 0.000000 
0.000000 0.000000 0.000000 0.000000 
0.000000 0.000000 0.000000 0.000000 
0.000000 0.000000 0.000000 0.000000 
0.000000 0.000000 0.000000 0.000000 
0.000000 0.000000 0.000000 0.000000 
0.000000 0.000000 0.000000 0.000000 
0.000000 0.000000 0.000000 0.000000 
0.000000 0.000000 0.000000 0.000000 
0.000000 0.000000 0.000000 0.000000 
0.000000 0.000000 0.000000 0.000000 
0.000000 0.000000 0.000000 0.000000 
0.000000 0.000000 0.000000 0.000000 
0.000000 0.000000 0.000000 0.000000 
0.000000 0.000000 0.000000 0.000000 
0.000000 0.000000 0.000000 0.000000 
0.000000 0.000000 0.000000 0.000000 
0.000000 0.000000 0.000000 0.000000 
0.273400 0.702558 
0.114049 0.913302 
0.314876 0.454602 
0.875956 0.959368 
0.000000 
0.000000 
100.000000
