3
1
0.001000
500
3
3
22 4 2 
0.000000 0.000000 0.000000 0.000000 
0.000000 0.000000 0.000000 0.000000 
0.000000 0.000000 0.000000 0.000000 
0.000000 0.000000 0.000000 0.000000 
0.000000 0.000000 0.000000 0.000000 
0.000000 0.000000 0.000000 0.000000 
0.000000 0.000000 0.000000 0.000000 
0.000000 0.000000 0.000000 0.000000 
0.000000 0.000000 0.000000 0.000000 
0.000000 0.000000 0.000000 0.000000 
0.000000 0.000000 0.000000 0.000000 
0.000000 0.000000 0.000000 0.000000 
0.000000 0.000000 0.000000 0.000000 
0.000000 0.000000 0.000000 0.000000 
0.000000 0.000000 0.000000 0.000000 
0.000000 0.000000 0.000000 0.000000 
0.000000 0.000000 0.000000 0.000000 
0.000000 0.000000 0.000000 0.000000 
0.000000 0.000000 0.000000 0.000000 
0.000000 0.000000 0.000000 0.000000 
0.000000 0.000000 0.000000 0.000000 
0.000000 0.000000 0.000000 0.000000 
0.110380 0.811063 
0.137421 0.712657 
0.664526 0.853613 
0.338078 0.187971 
0.000000 
0.000000 
40.000000
